estimate_x;estimate_y=;x_gt;y_gt;rmse_x=RMSE(0);rmse_y=RMSE(1)
5.20901 0.66599 5.01315 0.679804 0.19586 0.0138141
5.51849 0.64854 5.27175 0.694234 0.222758 0.0337548
5.62055 0.686212 5.53013 0.710295 0.189225 0.0308695
5.97654 0.709234 5.78828 0.728072 0.188984 0.0283444
6.18098 0.46752 6.04618 0.747647 0.17946 0.127816
6.36372 0.856161 6.30379 0.769103 0.165641 0.121972
6.61207 0.908555 6.5611 0.792523 0.154559 0.121142
6.82329 0.757489 6.81808 0.817988 0.144588 0.115319
7.11432 0.632803 7.07469 0.845578 0.136958 0.129812
7.21242 0.904401 7.3309 0.875373 0.135224 0.123492
7.60938 0.881441 7.58668 0.907449 0.129112 0.118006
7.84395 0.742931 7.84199 0.941886 0.123617 0.126742
8.15473 0.783361 8.0968 0.978759 0.119849 0.133285
8.30288 0.837977 8.35106 1.01814 0.116205 0.137166
8.51698 1.21659 8.60472 1.06011 0.114528 0.138537
8.76651 1.10401 8.85775 1.10473 0.113213 0.134138
9.22108 1.10466 9.1101 1.15208 0.113082 0.13064
9.34489 1.06147 9.36172 1.20223 0.109968 0.131223
9.69533 1.27948 9.61255 1.25524 0.108706 0.127844
10.0098 1.44331 9.86254 1.31118 0.110949 0.128061
10.3074 1.6493 10.1117 1.37011 0.116393 0.139034
10.3686 1.50911 10.3598 1.4321 0.113733 0.136827
10.6421 1.58569 10.6069 1.49721 0.111475 0.135085
10.7891 1.47618 10.853 1.56549 0.109905 0.133491
11.1358 1.41834 11.0979 1.637 0.107952 0.137912
11.5085 1.58409 11.3416 1.71179 0.110799 0.137533
11.7046 1.61054 11.584 1.78992 0.111176 0.139307
11.8371 1.7443 11.8251 1.87144 0.109196 0.138891
12.0753 1.98114 12.0647 1.95639 0.107314 0.136553
12.3364 1.81975 12.3029 2.04482 0.105688 0.140406
12.59 1.79292 12.5394 2.13677 0.104366 0.1513
12.6769 2.15165 12.7743 2.23227 0.104157 0.149598
12.9589 2.4803 13.0075 2.33137 0.102914 0.149578
13.1429 2.44589 13.2388 2.43409 0.102714 0.147375
13.1819 2.80262 13.4682 2.54047 0.112202 0.151864
13.6836 2.6415 13.6955 2.65053 0.11065 0.149747
13.9279 2.69051 13.9208 2.7643 0.109151 0.148207
14.1819 2.92178 14.1439 2.88179 0.107882 0.146388
14.4591 2.99963 14.3646 3.00303 0.107559 0.1445
14.564 2.93875 14.583 3.12802 0.106248 0.145787
14.7543 3.30077 14.7989 3.25679 0.105175 0.144161
15.0064 3.51102 15.0122 3.38932 0.10392 0.143667
15.2296 3.87188 15.2228 3.52563 0.102709 0.151487
15.5023 3.85219 15.4306 3.66572 0.102109 0.152371
15.7375 3.79451 15.6355 3.80957 0.102106 0.150686
15.965 3.98162 15.8375 3.95719 0.102727 0.149082
16.2111 4.11502 16.0363 4.10854 0.104778 0.147491
16.3436 4.43228 16.2319 4.26363 0.104928 0.147962
16.577 4.61339 16.4242 4.42242 0.106122 0.148964
16.6742 4.69889 16.613 4.5849 0.105412 0.148346
16.8468 4.90274 16.7983 4.75103 0.104594 0.148412
16.9856 5.19996 16.9799 4.92077 0.103587 0.151992
17.1947 5.23228 17.1579 5.09409 0.10273 0.151743
17.3148 5.43259 17.3319 5.27094 0.101801 0.151933
17.5303 5.36012 17.5019 5.45128 0.100944 0.151046
17.747 5.59372 17.6679 5.63506 0.100596 0.149793
17.924 5.79838 17.8297 5.82221 0.100489 0.148507
18.0887 6.14659 17.9872 6.01269 0.100507 0.148268
18.1969 6.50742 18.1402 6.20641 0.0999241 0.152139
18.2616 6.68783 18.2888 6.40332 0.0991502 0.155273
18.3701 6.96186 18.4328 6.60333 0.0986606 0.160692
18.5699 6.80247 18.572 6.80638 0.097862 0.159391
18.7746 6.929 18.7064 7.01237 0.0974615 0.15847
19.0639 7.14918 18.8359 7.22122 0.10081 0.157484
19.0738 7.31681 18.9604 7.43283 0.101016 0.156929
19.0346 7.85037 19.0798 7.64712 0.100402 0.157733
19.1231 8.12024 19.1939 7.86397 0.100025 0.159651
19.19 8.16999 19.3028 8.08329 0.100224 0.158821
19.2409 8.30151 19.4062 8.30497 0.101466 0.157667
19.3747 8.32879 19.5042 8.5289 0.101921 0.158353
19.5527 8.40594 19.5966 8.75494 0.101335 0.162598
19.8572 8.80964 19.6835 8.983 0.102692 0.162752
19.9073 9.11489 19.7645 9.21294 0.103346 0.16204
20.0842 9.42793 19.8398 9.44463 0.106504 0.160954
20.028 9.70774 19.9093 9.67795 0.106677 0.159914
20.1346 9.90722 19.9728 9.91275 0.107587 0.15886
20.0093 10.4272 20.0303 10.1489 0.106913 0.16098
20.1558 10.4974 20.0818 10.3863 0.106555 0.160438
20.0804 10.7424 20.1271 10.6247 0.106009 0.159969
20.2851 10.9742 20.1663 10.864 0.106178 0.159442
20.1848 11.4116 20.1993 11.1041 0.105533 0.162096
20.324 11.3872 20.2261 11.3449 0.105442 0.161172
20.1275 11.6615 20.2466 11.5861 0.105617 0.160412
20.4535 11.8708 20.2608 11.8275 0.107072 0.159524
20.4192 12.0486 20.2687 12.0692 0.107685 0.158599
20.3349 12.4833 20.2701 12.3108 0.107285 0.158767
20.2044 12.735 20.2652 12.5522 0.106866 0.159064
20.4139 12.8601 20.254 12.7933 0.107616 0.158318
20.5399 12.8971 20.2363 13.0339 0.111744 0.158092
20.2891 13.1997 20.2122 13.2738 0.111417 0.157405
20.159 13.4395 20.1818 13.5129 0.110829 0.156727
20.2362 13.8288 20.1449 13.7509 0.110635 0.156084
20.1988 14.012 20.1017 13.9878 0.110498 0.155263
20.1147 14.3233 20.0521 14.2233 0.110099 0.154779
19.958 14.5388 19.9962 14.4573 0.109588 0.154189
19.8099 14.7922 19.934 14.6897 0.109748 0.15374
19.7618 14.8801 19.8655 14.9202 0.109687 0.152999
19.9247 15.1326 19.7908 15.1486 0.109961 0.152225
19.9325 15.2806 19.7099 15.3749 0.111669 0.151751
19.879 15.5192 19.6229 15.5989 0.114023 0.1512
19.8266 15.5868 19.5298 15.8203 0.117238 0.152234
19.5115 16.0055 19.4307 16.039 0.116936 0.151522
19.2866 16.2424 19.3257 16.2549 0.116431 0.15079
19.2511 16.3043 19.2148 16.4679 0.115924 0.150918
19.2022 16.439 19.0981 16.6777 0.115817 0.151993
18.9927 16.8073 18.9757 16.8841 0.115281 0.151458
18.8355 17.1615 18.8477 17.0872 0.114747 0.15092
18.6165 17.3882 18.7142 17.2866 0.114601 0.150537
18.4758 17.5551 18.5752 17.4822 0.114471 0.150008
18.1919 17.6387 18.4309 17.674 0.116206 0.149362
18.0602 17.7658 18.2814 17.8617 0.117571 0.148967
18.1329 17.9777 18.1268 18.0453 0.117047 0.148438
18.0831 17.9906 17.9671 18.2246 0.117037 0.149409
17.901 18.1985 17.8026 18.3994 0.116886 0.149938
17.9778 18.3353 17.6334 18.5697 0.120728 0.150876
17.4514 18.7214 17.4595 18.7353 0.120209 0.15023
17.2374 18.8264 17.281 18.8962 0.119762 0.149726
17.1658 18.8896 17.0983 19.0521 0.119415 0.149839
17.0482 19.1335 16.9113 19.203 0.119573 0.149343
16.6698 19.1549 16.7201 19.3488 0.119163 0.14977
16.4096 19.465 16.5251 19.4894 0.119132 0.149166
16.2204 19.6144 16.3262 19.6246 0.119029 0.148556
16.0108 19.4957 16.1237 19.7545 0.118981 0.14978
15.8658 19.7799 15.9176 19.8789 0.118591 0.14944
15.775 19.7968 15.7082 19.9978 0.118267 0.149922
15.4248 20.1345 15.4956 20.111 0.117965 0.149341
15.0509 20.4936 15.2799 20.2185 0.119243 0.150741
15.154 20.4363 15.0613 20.3203 0.119058 0.150501
14.9503 20.3703 14.84 20.4162 0.118993 0.149971
14.6603 20.5762 14.6161 20.5063 0.118598 0.149519
14.3225 20.7297 14.3897 20.5904 0.11829 0.149444
14.0861 20.663 14.1611 20.6686 0.118022 0.148877
13.8369 20.7486 13.9304 20.7408 0.117857 0.148318
13.5018 20.7713 13.6977 20.807 0.11863 0.147796
13.3136 20.7629 13.4632 20.8671 0.118889 0.14752
13.0999 20.8137 13.2271 20.9211 0.118952 0.147265
12.9677 20.9165 12.9895 20.969 0.118532 0.146795
12.8399 21.0069 12.7506 21.0108 0.118346 0.146262
12.4678 21.1341 12.5106 21.0465 0.117975 0.145924
12.2097 21.1317 12.2695 21.0761 0.117661 0.145478
11.9986 21.1675 12.0276 21.0996 0.117269 0.145074
11.734 20.9707 11.785 21.117 0.116933 0.145083
11.5103 20.8703 11.5418 21.1283 0.116553 0.146176
11.3259 20.9915 11.2982 21.1335 0.116171 0.146148
10.9916 20.8847 11.0544 21.1327 0.115887 0.147092
10.8622 20.8896 10.8105 21.1259 0.115569 0.147885
10.4153 20.9688 10.5666 21.1131 0.115849 0.147861
10.1454 21.1334 10.3229 21.0943 0.116375 0.147396
9.82659 21.2082 10.0795 21.0697 0.11782 0.147338
9.9665 20.9969 9.83658 21.0391 0.117905 0.146887
9.80673 20.9342 9.59422 21.0028 0.11878 0.146506
9.55357 20.8902 9.35258 20.9607 0.119505 0.146135
9.4029 20.8644 9.11177 20.9128 0.121417 0.145709
8.75799 20.8731 8.87192 20.8594 0.12137 0.145239
8.62234 20.7139 8.63315 20.8003 0.120981 0.144936
8.26146 20.5569 8.39557 20.7358 0.12107 0.145179
8.06074 20.4779 8.1593 20.6657 0.12094 0.14549
7.87562 20.4254 7.92445 20.5903 0.120619 0.145621
7.79946 20.4063 7.69111 20.5096 0.120546 0.145393
7.21591 20.4012 7.45939 20.4237 0.1217 0.144949
6.87905 20.3028 7.22939 20.3326 0.124424 0.144518
6.79569 20.1799 7.00119 20.2364 0.125086 0.144139
6.66589 20.0909 6.7749 20.1352 0.124993 0.143738
6.39607 20.0082 6.55059 20.0292 0.125194 0.143309
6.28494 19.9704 6.32834 19.9183 0.12486 0.142931
5.88559 19.8566 6.10823 19.8027 0.125677 0.142561
5.51683 19.684 5.89034 19.6824 0.128591 0.142134
5.64764 19.5348 5.67472 19.5577 0.128224 0.141721
5.66104 19.2849 5.46145 19.4284 0.128763 0.141732
5.18365 19.3549 5.25059 19.2948 0.128486 0.14139
5.12929 19.2771 5.04219 19.157 0.128283 0.141274
4.91252 19.0442 4.8363 19.015 0.128042 0.140881
4.56134 18.9146 4.63297 18.8689 0.127787 0.140516
4.44659 18.8005 4.43224 18.7188 0.127424 0.140248
4.35776 18.6201 4.23416 18.5648 0.127403 0.13991
4.26042 18.472 4.03876 18.4071 0.128134 0.139597
3.96595 18.4103 3.84606 18.2457 0.128089 0.139751
3.48202 18.2096 3.65611 18.0807 0.128393 0.139693
3.41221 18.0426 3.46891 17.9122 0.128104 0.139643
3.14348 17.8061 3.28449 17.7402 0.12818 0.139341
2.85973 17.6742 3.10287 17.565 0.129096 0.139192
2.90253 17.6782 2.92405 17.3866 0.128751 0.140482
2.93284 17.4048 2.74805 17.2051 0.129124 0.140874
2.58685 17.136 2.57486 17.0205 0.128775 0.140748
2.44214 16.9343 2.4045 16.833 0.128457 0.140565
2.25371 16.8083 2.23695 16.6427 0.128117 0.140711
1.92542 16.511 2.07221 16.4497 0.128224 0.140406
1.88014 16.1868 1.91027 16.254 0.127901 0.140118
1.73972 16.0463 1.75112 16.0557 0.127565 0.139749
1.4511 16.0051 1.59474 15.8549 0.127655 0.139806
1.34764 15.7557 1.44111 15.6517 0.1275 0.139642
1.1889 15.4691 1.29021 15.4463 0.127377 0.139288
0.972176 15.3157 1.14201 15.2386 0.127634 0.139037
0.727841 15.0493 0.996486 15.0288 0.128757 0.138686
0.68471 14.9282 0.853604 14.8169 0.128995 0.13856
0.728244 14.7141 0.71333 14.603 0.12867 0.138433
0.724934 14.4293 0.575628 14.3872 0.128783 0.138114
0.288105 14.2067 0.440459 14.1696 0.128913 0.13779
0.00195161 13.9594 0.307779 13.9502 0.130403 0.137445
0.403648 13.6972 0.177545 13.7292 0.131056 0.13712
0.342897 13.4916 0.0497099 13.5065 0.132355 0.136782
-0.152087 13.2778 -0.0757753 13.2823 0.132136 0.136444
-0.385713 13.0707 -0.198962 13.0566 0.13246 0.136111
-0.00579723 12.9077 -0.319903 12.8295 0.133953 0.135887
-0.227942 12.6291 -0.438654 12.6011 0.134434 0.13557
-0.469279 12.3846 -0.555273 12.3714 0.134241 0.135243
-0.801966 12.2303 -0.669818 12.1404 0.134231 0.135061
-0.625468 12.0311 -0.78235 11.9083 0.134349 0.135004
-0.932811 11.7685 -0.892931 11.6751 0.134055 0.134836
-1.17592 11.4493 -1.00163 11.4409 0.134275 0.134516
-1.17422 11.1663 -1.1085 11.2057 0.134033 0.134224
-1.37364 11.0038 -1.21362 10.9695 0.134168 0.133928
-1.39848 10.8038 -1.31706 10.7324 0.133968 0.133703
-1.49728 10.4698 -1.41889 10.4945 0.133762 0.133401
-1.59614 10.1607 -1.51917 10.2559 0.133554 0.133248
-1.61136 10.1162 -1.61797 10.0165 0.133245 0.133112
-1.61657 9.93152 -1.71539 9.77637 0.133107 0.133222
-1.72227 9.70722 -1.81147 9.53564 0.132939 0.133423
-2.06312 9.41334 -1.90631 9.29431 0.133058 0.133361
-2.00242 8.92211 -1.99998 9.05243 0.132755 0.133348
-1.98555 8.77199 -2.09256 8.81003 0.13265 0.13307
-2.1535 8.5349 -2.18412 8.56717 0.132367 0.132788
-2.50568 8.22365 -2.27474 8.32388 0.132972 0.13266
-2.27715 8.10975 -2.3645 8.0802 0.132803 0.132378
-2.19049 8.06413 -2.45348 7.83617 0.133662 0.132955
-2.54847 7.66695 -2.54177 7.59184 0.133367 0.132754
-2.95587 7.33345 -2.62944 7.34723 0.134825 0.132465
-2.87367 7.08902 -2.71658 7.10238 0.134931 0.132177
-2.79299 6.96988 -2.80326 6.85734 0.134638 0.132097
-2.7339 6.83836 -2.88957 6.61214 0.134736 0.132651
-2.66372 6.60833 -2.97559 6.36681 0.136001 0.133314
-2.87558 6.27954 -3.0614 6.12139 0.136255 0.133431
-3.28577 5.94354 -3.14709 5.87592 0.136266 0.133218
-3.26487 5.58717 -3.23274 5.63043 0.13599 0.132964
-3.3013 5.30666 -3.31843 5.38496 0.135705 0.132779
-3.41759 5.09189 -3.40424 5.13955 0.13542 0.132533
-3.43393 4.90758 -3.49026 4.89422 0.135184 0.132256
-3.65864 4.54721 -3.57657 4.64902 0.135004 0.132143
-3.67362 4.30298 -3.66325 4.40398 0.134723 0.132028
-3.94023 4.02852 -3.75039 4.15913 0.135 0.132022
-3.97871 3.93705 -3.83806 3.91452 0.135024 0.131756
-3.91471 3.76779 -3.92635 3.67019 0.134746 0.131633
-3.9972 3.68074 -4.01533 3.42616 0.134474 0.132373
-4.1492 3.29013 -4.10509 3.18248 0.134228 0.132281
-4.31298 2.91833 -4.19571 2.93919 0.134163 0.132018
-4.37933 2.56952 -4.28727 2.69633 0.134019 0.131997
-4.42268 2.38017 -4.37985 2.45393 0.133775 0.131813
-4.57746 2.09973 -4.47352 2.21205 0.133668 0.13174
-4.56284 2.00159 -4.56836 1.97072 0.1334 0.13149
-4.80813 1.58876 -4.66444 1.72998 0.133442 0.131531
-4.94303 1.38866 -4.76186 1.48989 0.133666 0.131424
-4.80931 1.27843 -4.86066 1.25049 0.13344 0.131174
-4.89703 1.10954 -4.96095 1.01182 0.133237 0.131059
-4.91015 0.855848 -5.06277 0.77393 0.133318 0.130902
-5.00228 0.261853 -5.16621 0.536876 0.133452 0.131775
-5.11954 0.16714 -5.27133 0.300706 0.133529 0.131782
-5.3903 -0.204546 -5.3782 0.0654719 0.133271 0.1326
-5.36783 -0.267707 -5.4869 -0.168772 0.133219 0.132486
-5.51632 -0.194716 -5.59748 -0.401971 0.133057 0.132855
-5.77034 -0.39436 -5.71001 -0.634069 0.132853 0.13343
-5.78068 -0.737305 -5.82456 -0.865006 0.132627 0.133409
-5.88578 -1.23786 -5.94118 -1.09472 0.132417 0.133447
-5.89606 -1.60671 -6.05993 -1.32316 0.132551 0.134336
-6.19622 -1.5683 -6.18087 -1.55025 0.132303 0.134086
-6.31351 -1.76303 -6.30406 -1.77593 0.132055 0.133835
-6.3811 -2.11653 -6.42954 -2.00014 0.13184 0.133774
-6.66321 -2.19194 -6.55738 -2.22281 0.131752 0.133536
-6.79731 -2.42318 -6.68761 -2.44386 0.131676 0.133293
-6.99652 -2.62431 -6.82029 -2.66323 0.13187 0.133066
-6.8973 -3.08686 -6.95546 -2.88084 0.131673 0.13341
-7.03606 -3.29957 -7.09316 -3.09663 0.131476 0.133733
-7.16407 -3.31873 -7.23344 -3.3105 0.131301 0.133488
-7.37406 -3.71709 -7.37632 -3.5224 0.131061 0.133763
-7.53994 -3.57512 -7.52184 -3.73223 0.130826 0.133856
-7.64847 -3.79567 -7.67004 -3.93992 0.130594 0.133895
-7.82656 -4.24443 -7.82094 -4.14538 0.130358 0.133785
-7.98057 -4.55027 -7.97457 -4.34854 0.130123 0.134092
-8.18714 -4.78757 -8.13095 -4.5493 0.129932 0.134612
-8.36989 -4.96762 -8.2901 -4.74759 0.129787 0.135014
-8.39559 -5.1354 -8.45204 -4.94331 0.129599 0.135261
-8.60821 -5.07851 -8.61678 -5.13637 0.129369 0.135064
-8.8435 -5.43558 -8.78433 -5.32669 0.129188 0.134981
-9.02089 -5.65894 -8.95469 -5.51417 0.129019 0.135016
-9.08264 -5.83101 -9.12788 -5.69872 0.12882 0.135007
-9.18399 -5.81248 -9.30388 -5.88026 0.12879 0.13483
-9.34368 -5.84899 -9.4827 -6.05868 0.128827 0.135164
-9.57901 -6.09547 -9.66432 -6.23389 0.128701 0.135175
-9.62463 -6.5279 -9.84874 -6.4058 0.129154 0.135132
-10.0574 -6.57847 -10.0359 -6.57431 0.128937 0.134898
-10.2294 -6.81166 -10.2259 -6.73933 0.128714 0.134732
-10.3984 -6.89044 -10.4186 -6.90075 0.128498 0.134502
-10.682 -7.22354 -10.614 -7.05849 0.12834 0.134618
-10.9402 -7.21685 -10.8121 -7.21245 0.128339 0.134389
-11.177 -7.5156 -11.0128 -7.36252 0.128478 0.134457
-11.2954 -7.60856 -11.2161 -7.50862 0.128343 0.134355
-11.218 -7.7476 -11.422 -7.65064 0.128674 0.134246
-11.3971 -7.7788 -11.6304 -7.78849 0.129169 0.134021
-11.5629 -7.84619 -11.8413 -7.92208 0.129956 0.133868
-11.8176 -7.90552 -12.0546 -8.05131 0.130461 0.13391
-12.0608 -8.06119 -12.2702 -8.17609 0.130803 0.133851
-12.3508 -8.12043 -12.4881 -8.29633 0.130825 0.134012
-12.4704 -8.27601 -12.7082 -8.41193 0.131323 0.134019
-12.6891 -8.32856 -12.9304 -8.5228 0.131837 0.134262
-13.1467 -8.55045 -13.1547 -8.62886 0.131621 0.134116
-13.5247 -8.58805 -13.381 -8.73002 0.131662 0.134143
-13.5132 -8.64056 -13.6092 -8.82619 0.131561 0.134343
-13.6948 -8.58226 -13.8392 -8.91729 0.131605 0.13548
-13.9236 -8.92108 -14.0709 -9.00324 0.131659 0.135341
-14.2272 -9.00858 -14.3043 -9.08395 0.131519 0.13519
-14.4288 -9.17949 -14.5391 -9.15936 0.131456 0.134977
-14.6163 -9.30909 -14.7754 -9.22939 0.131554 0.134835
-15.0437 -9.06946 -15.013 -9.29397 0.131355 0.135218
-15.4157 -9.16257 -15.2517 -9.35302 0.131472 0.13543
-15.6196 -9.51305 -15.4916 -9.40649 0.131461 0.135348
-15.8323 -9.60014 -15.7324 -9.45431 0.131373 0.135382
-16.0823 -9.60433 -15.9741 -9.49642 0.131306 0.135304
-16.3933 -9.44768 -16.2164 -9.53277 0.131475 0.135175
-16.5051 -9.40537 -16.4594 -9.5633 0.131293 0.135253
-16.5802 -9.36185 -16.7027 -9.58797 0.131267 0.135633
-17.0137 -9.38372 -16.9464 -9.60673 0.131115 0.135993
-17.225 -9.73116 -17.1903 -9.61954 0.130925 0.135924
-17.5396 -9.60345 -17.4342 -9.62636 0.130853 0.135719
-17.8521 -9.57121 -17.6781 -9.62717 0.131009 0.135544
-18.03 -9.45568 -17.9216 -9.62194 0.130945 0.13565
-18.2824 -9.34037 -18.1648 -9.61064 0.130907 0.136268
-18.3178 -9.59929 -18.4074 -9.59325 0.1308 0.136059
-18.4284 -9.69431 -18.6493 -9.56977 0.13117 0.136026
-18.8855 -9.50963 -18.8904 -9.54017 0.13097 0.135829
-19.0689 -9.34219 -19.1305 -9.50447 0.130815 0.135917
-19.3337 -9.12214 -19.3694 -9.46265 0.130631 0.136999
-19.6289 -8.91702 -19.6069 -9.41472 0.130439 0.139501
-19.8592 -8.94155 -19.8431 -9.36071 0.130246 0.141177
-20.1597 -8.62211 -20.0775 -9.30061 0.130128 0.145786
-20.1198 -9.49487 -20.3102 -9.23446 0.13035 0.146264
-20.2392 -9.8371 -20.5409 -9.16227 0.131195 0.150627
-20.7041 -9.02361 -20.7696 -9.08409 0.131048 0.150439
-21.1324 -8.66487 -20.9959 -8.99994 0.131065 0.151321
-21.1124 -8.84259 -21.2198 -8.90987 0.131002 0.151141
-21.4128 -8.78257 -21.4412 -8.81393 0.130817 0.150927
-21.5253 -8.86762 -21.6597 -8.71217 0.130828 0.150941
-21.7215 -8.60571 -21.8754 -8.60465 0.130902 0.150719
-21.9517 -8.55038 -22.0881 -8.49143 0.130918 0.150533
-22.172 -8.29674 -22.2975 -8.37258 0.130902 0.150369
-22.5023 -8.30969 -22.5035 -8.24817 0.130712 0.150187
-22.6438 -8.25986 -22.7061 -8.11829 0.130565 0.150163
-22.9822 -7.70608 -22.9049 -7.98301 0.130443 0.150683
-23.2532 -7.52951 -23.1 -7.84243 0.130514 0.1514
-23.4454 -7.54112 -23.2911 -7.69663 0.130589 0.151412
-23.5927 -7.3719 -23.4781 -7.54572 0.130545 0.151481
-23.6174 -7.37221 -23.6609 -7.3898 0.13038 0.151267
-23.8087 -7.20073 -23.8393 -7.22897 0.130204 0.151059
-23.9385 -7.24831 -24.0132 -7.06336 0.13008 0.151166
-24.1218 -7.00032 -24.1825 -6.89307 0.129936 0.15106
-24.3047 -6.46902 -24.347 -6.71823 0.129771 0.151427
-24.5821 -6.2638 -24.5066 -6.53896 0.12965 0.151917
-24.4335 -6.43759 -24.6612 -6.35538 0.13003 0.151766
-24.5152 -6.37978 -24.8107 -6.16764 0.130786 0.151969
-24.9909 -5.9109 -24.955 -5.97587 0.130617 0.151795
-25.1206 -5.50511 -25.094 -5.7802 0.130443 0.152277
-25.198 -5.61303 -25.2276 -5.58079 0.130271 0.152075
-25.3652 -5.50392 -25.3556 -5.37777 0.130091 0.152009
-25.5599 -5.11757 -25.4779 -5.1713 0.129983 0.151826
-25.5959 -5.10469 -25.5946 -4.96152 0.129803 0.151802
-25.7078 -4.91137 -25.7055 -4.7486 0.129625 0.151834
-25.8103 -4.72324 -25.8105 -4.53268 0.129447 0.151953
-25.9578 -4.28417 -25.9096 -4.31392 0.129295 0.151753
-26.2511 -4.04014 -26.0027 -4.0925 0.129768 0.151571
-26.2056 -3.69214 -26.0897 -3.86856 0.129733 0.151644
-26.3328 -3.4531 -26.1706 -3.64227 0.129832 0.151759
-26.1461 -3.25916 -26.2453 -3.41381 0.129759 0.151766
-26.1881 -3.04442 -26.3138 -3.18332 0.129748 0.151733
-26.1952 -2.87806 -26.376 -2.95098 0.129912 0.151576
-26.2937 -2.80914 -26.4319 -2.71697 0.129935 0.151448
-26.5421 -2.72637 -26.4815 -2.48143 0.129799 0.151775
-26.6166 -2.49783 -26.5247 -2.24456 0.129713 0.152136
-26.67 -2.18003 -26.5616 -2.0065 0.129661 0.152197
-26.6226 -1.81657 -26.5921 -1.76744 0.129498 0.152016
-26.5418 -1.53266 -26.6161 -1.52753 0.129383 0.151815
-26.5331 -1.3675 -26.6338 -1.28695 0.129316 0.151671
-26.5739 -1.14409 -26.6451 -1.04586 0.129197 0.151555
-26.7246 -1.04704 -26.65 -0.804425 0.129084 0.151865
-26.7337 -0.614492 -26.6485 -0.562811 0.128989 0.151689
-26.7748 -0.266891 -26.6406 -0.321181 0.129003 0.151517
-26.567 0.0607492 -26.6264 -0.0796947 0.12887 0.151489
-26.6029 0.35608 -26.6059 0.161489 0.128703 0.151617
-26.599 0.580083 -26.5792 0.402213 0.12854 0.151691
-26.6269 0.769042 -26.5462 0.642323 0.128439 0.151631
-26.6771 1.05369 -26.5069 0.881666 0.128564 0.151687
-26.5116 1.49601 -26.4616 1.12009 0.128424 0.152687
-26.4345 1.4521 -26.4101 1.35745 0.128265 0.152566
-26.4234 1.28317 -26.3526 1.59361 0.128151 0.153177
-26.3611 1.75688 -26.2891 1.82841 0.128039 0.153025
-26.3067 1.95399 -26.2197 2.06173 0.127952 0.152926
-26.245 2.18265 -26.1444 2.29342 0.12789 0.152834
-26.1561 2.38065 -26.0633 2.52336 0.127813 0.152809
-26.0685 2.79437 -25.9765 2.75141 0.127736 0.152632
-26.039 3.10078 -25.8841 2.97746 0.127811 0.152565
-25.867 3.42247 -25.7861 3.20139 0.127715 0.152775
-25.8401 3.73937 -25.6826 3.42306 0.127798 0.153403
-25.7082 3.66481 -25.5737 3.64239 0.127815 0.153216
-25.5929 3.65771 -25.4596 3.85924 0.12783 0.153355
-25.6436 3.96683 -25.3402 4.07353 0.128564 0.153257
-25.5087 4.07467 -25.2157 4.28514 0.129231 0.153425
-25.1461 4.52597 -25.0863 4.49399 0.129105 0.153243
-24.8063 4.76106 -24.9518 4.69998 0.129148 0.153084
-24.9104 4.87287 -24.8126 4.90303 0.12908 0.152903
-24.7096 5.02147 -24.6686 5.10304 0.128938 0.152768
-24.5195 5.34537 -24.5201 5.29995 0.12878 0.152597
-24.3552 5.53891 -24.367 5.49367 0.128623 0.152427
-24.1493 5.62614 -24.2095 5.68414 0.128501 0.152268
-24.0966 5.60363 -24.0477 5.8713 0.128367 0.152655
-23.9069 5.92036 -23.8818 6.05508 0.128217 0.152614
-23.7158 6.15923 -23.7117 6.23542 0.128062 0.152475
-23.6217 6.29185 -23.5377 6.41227 0.127974 0.152406
-23.5318 6.47545 -23.3598 6.58559 0.128098 0.152318
-23.1191 6.87356 -23.1781 6.75533 0.127977 0.152245
-22.8353 6.92965 -22.9928 6.92146 0.128056 0.152063
-22.6864 7.05947 -22.804 7.08393 0.128032 0.151886
-22.4769 7.10336 -22.6117 7.24273 0.128048 0.151857
-22.4216 7.28232 -22.4161 7.39782 0.127896 0.151781
-22.2009 7.47108 -22.2173 7.54917 0.127747 0.151648
-22.1081 7.66682 -22.0154 7.69679 0.127675 0.151476
-21.8765 8.06 -21.8105 7.84064 0.127564 0.151672
-21.682 7.98114 -21.6026 7.98072 0.127472 0.151493
-21.5583 8.03444 -21.392 8.11703 0.127577 0.151368
-21.2136 7.88964 -21.1787 8.24957 0.127438 0.152192
-20.9585 8.14612 -20.9628 8.37833 0.127289 0.152429
-20.9289 8.46207 -20.7444 8.50333 0.127453 0.152264
-20.5369 8.82407 -20.5237 8.62457 0.127306 0.152391
-20.2642 8.74221 -20.3006 8.74206 0.12717 0.152214
-20.0728 8.87011 -20.0753 8.85583 0.127022 0.152038
-20.0135 8.85794 -19.848 8.96589 0.127125 0.151951
-19.874 8.86724 -19.6186 9.07227 0.12757 0.152095
-19.5508 8.98381 -19.3873 9.17499 0.127664 0.152197
-19.1636 9.31189 -19.1542 9.27409 0.127518 0.152032
-18.7818 9.26264 -18.9193 9.36959 0.127542 0.151944
-18.6708 9.30983 -18.6827 9.46154 0.127397 0.151944
-18.4213 9.4575 -18.4446 9.54996 0.127256 0.151835
-18.1665 9.35671 -18.2049 9.63492 0.127125 0.152242
-17.7788 9.69554 -17.9639 9.71643 0.127286 0.152072
-17.4229 9.90633 -17.7214 9.79457 0.127934 0.151992
-17.3065 9.88388 -17.4777 9.86936 0.128049 0.151822
-17.091 10.0056 -17.2328 9.94087 0.128081 0.151682
-16.8626 10.1291 -16.9868 10.0091 0.128073 0.151618
-16.5996 10.1965 -16.7396 10.0743 0.128101 0.151558
-16.4587 10.2781 -16.4915 10.1362 0.127967 0.151537
-16.1924 10.3917 -16.2424 10.1952 0.127845 0.151653
-16.0226 10.218 -15.9924 10.2511 0.12771 0.151491
-15.8034 10.2313 -15.7416 10.3041 0.127602 0.151362
-15.5823 10.2005 -15.4899 10.3543 0.127534 0.151367
-15.0731 10.3941 -15.2376 10.4016 0.127628 0.151199
-14.8825 10.4555 -14.9846 10.4462 0.127577 0.151033
-14.6599 10.3285 -14.7309 10.4882 0.12748 0.151052
-14.4401 10.2455 -14.4766 10.5276 0.127351 0.151466
-14.1515 10.2838 -14.2218 10.5645 0.127253 0.15187
-13.7364 10.8435 -13.9665 10.5989 0.12757 0.152135
-13.3528 11.036 -13.7107 10.631 0.128525 0.153146
-13.3682 10.6316 -13.4545 10.6608 0.128448 0.152984
-13.1465 10.587 -13.1979 10.6884 0.128331 0.152891
-12.884 10.919 -12.9409 10.7138 0.128219 0.153024
-12.4929 11.108 -12.6836 10.7373 0.128387 0.15383
-12.4131 10.7081 -12.426 10.7587 0.128249 0.153681
-12.1626 10.6941 -12.1681 10.7783 0.128111 0.153565
-11.8894 10.9775 -11.91 10.7961 0.127976 0.153631
-11.4189 11.0854 -11.6516 10.8121 0.128293 0.153988
-11.4042 10.941 -11.393 10.8265 0.128157 0.153914
-11.2532 10.7614 -11.1342 10.8394 0.128138 0.153791
-10.7021 10.742 -10.8753 10.8509 0.128251 0.153709
-10.4564 10.7544 -10.6161 10.8609 0.128326 0.153624
-10.3467 10.8116 -10.3569 10.8697 0.12819 0.153484
-10.0524 10.9514 -10.0976 10.8772 0.128071 0.153359
-9.80529 11.074 -9.83809 10.8837 0.127944 0.153447
-9.77386 10.8743 -9.57852 10.8891 0.128124 0.153286
-9.33803 11.0153 -9.31887 10.8936 0.127992 0.153226
-9.15984 10.8347 -9.05915 10.8972 0.12794 0.153092
-8.78466 11.0206 -8.79937 10.9001 0.127808 0.15303
-8.69104 10.7471 -8.53953 10.9023 0.127862 0.153035
-8.61313 10.6436 -8.27965 10.9039 0.128636 0.153338
-8.28386 10.7513 -8.01974 10.905 0.129067 0.153339
-7.58183 11.0186 -7.75979 10.9057 0.129188 0.153265
-7.16089 11.03 -7.49981 10.9061 0.129975 0.15321
-7.13602 10.8581 -7.23983 10.9063 0.129927 0.153067
