0.6 0.6
0.859997 0.600045
1.11998 0.600225
1.37996 0.600629
1.6399 0.601347
1.89982 0.60247
2.1597 0.604086
2.41954 0.606284
2.67932 0.609155
2.93904 0.612786
3.19869 0.617267
3.45825 0.622686
3.71772 0.629131
3.97708 0.636689
4.23632 0.645449
4.49542 0.655498
4.75437 0.666921
5.01316 0.679804
5.27175 0.694234
5.53013 0.710295
5.78828 0.728071
6.04618 0.747646
6.30379 0.769103
6.56111 0.792523
6.81808 0.817988
7.07469 0.845578
7.3309 0.875372
7.58668 0.907449
7.84199 0.941886
8.0968 0.978758
8.35106 1.01814
8.60472 1.06011
8.85775 1.10473
9.1101 1.15208
9.36172 1.20223
9.61255 1.25524
9.86254 1.31118
10.1116 1.37011
10.3598 1.4321
10.6069 1.49721
10.853 1.56549
11.0979 1.637
11.3416 1.71179
11.584 1.78992
11.8251 1.87144
12.0648 1.95639
12.3029 2.04482
12.5394 2.13677
12.7743 2.23227
13.0075 2.33136
13.2388 2.43409
13.4682 2.54047
13.6955 2.65053
13.9208 2.7643
14.1439 2.88179
14.3646 3.00303
14.583 3.12802
14.7989 3.25679
15.0122 3.38932
15.2228 3.52563
15.4306 3.66572
15.6356 3.80957
15.8375 3.95718
16.0363 4.10854
16.2319 4.26363
16.4242 4.42242
16.613 4.5849
16.7983 4.75103
16.9799 4.92077
17.1578 5.09409
17.3319 5.27094
17.5019 5.45128
17.6679 5.63506
17.8297 5.82221
17.9872 6.01269
18.1403 6.20641
18.2888 6.40332
18.4328 6.60333
18.572 6.80638
18.7064 7.01237
18.8359 7.22122
18.9604 7.43283
19.0798 7.64712
19.1939 7.86397
19.3028 8.08329
19.4062 8.30497
19.5042 8.5289
19.5967 8.75494
19.6835 8.983
19.7645 9.21294
19.8398 9.44463
19.9093 9.67795
19.9728 9.91275
20.0303 10.1489
20.0817 10.3863
20.1271 10.6247
20.1663 10.864
20.1993 11.1041
20.2261 11.3449
20.2466 11.5861
20.2608 11.8275
20.2687 12.0692
20.2701 12.3108
20.2653 12.5522
20.254 12.7933
20.2363 13.0339
20.2122 13.2738
20.1818 13.5129
20.1449 13.7509
20.1017 13.9878
20.0521 14.2233
19.9962 14.4573
19.9339 14.6897
19.8655 14.9202
19.7908 15.1486
19.7099 15.3749
19.6229 15.5989
19.5298 15.8203
19.4307 16.039
19.3257 16.255
19.2148 16.4679
19.0981 16.6777
18.9757 16.8841
18.8477 17.0872
18.7142 17.2866
18.5752 17.4822
18.4309 17.674
18.2814 17.8617
18.1268 18.0453
17.9671 18.2246
17.8026 18.3994
17.6334 18.5697
17.4595 18.7353
17.2811 18.8962
17.0983 19.0521
16.9113 19.203
16.7202 19.3488
16.5251 19.4894
16.3262 19.6246
16.1237 19.7545
15.9176 19.8789
15.7082 19.9978
15.4956 20.111
15.2799 20.2185
15.0613 20.3203
14.84 20.4162
14.6161 20.5063
14.3897 20.5904
14.1611 20.6686
13.9304 20.7408
13.6977 20.807
13.4632 20.8671
13.2271 20.9211
12.9895 20.969
12.7506 21.0108
12.5106 21.0465
12.2695 21.0761
12.0276 21.0996
11.785 21.117
11.5418 21.1283
11.2982 21.1335
11.0544 21.1327
10.8105 21.1259
10.5666 21.1131
10.3229 21.0943
10.0795 21.0697
9.83658 21.0391
9.59422 21.0028
9.35258 20.9607
9.11177 20.9128
8.87192 20.8594
8.63315 20.8003
8.39557 20.7357
8.1593 20.6657
7.92445 20.5903
7.69111 20.5096
7.45939 20.4236
7.22939 20.3326
7.00119 20.2364
6.7749 20.1352
6.55059 20.0292
6.32834 19.9183
6.10823 19.8027
5.89034 19.6824
5.67472 19.5577
5.46145 19.4284
5.25059 19.2949
5.04219 19.157
4.8363 19.015
4.63297 18.8689
4.43224 18.7188
4.23416 18.5648
4.03876 18.4071
3.84606 18.2457
3.65611 18.0807
3.46891 17.9122
3.28449 17.7402
3.10287 17.565
2.92405 17.3866
2.74805 17.2051
2.57486 17.0205
2.4045 16.833
2.23695 16.6427
2.07221 16.4497
1.91027 16.2539
1.75112 16.0557
1.59474 15.8549
1.44111 15.6517
1.29021 15.4463
1.14201 15.2386
0.996486 15.0288
0.853604 14.8169
0.71333 14.603
0.575628 14.3872
0.440459 14.1696
0.307779 13.9502
0.177545 13.7292
0.0497099 13.5065
-0.0757753 13.2823
-0.198962 13.0566
-0.319903 12.8295
-0.438654 12.6011
-0.555273 12.3714
-0.669817 12.1404
-0.78235 11.9083
-0.892931 11.6751
-1.00163 11.4409
-1.1085 11.2057
-1.21362 10.9695
-1.31706 10.7324
-1.41889 10.4945
-1.51917 10.2559
-1.61797 10.0165
-1.71539 9.77637
-1.81147 9.53564
-1.90631 9.29431
-1.99998 9.05243
-2.09256 8.81003
-2.18412 8.56717
-2.27474 8.32388
-2.3645 8.0802
-2.45348 7.83617
-2.54177 7.59183
-2.62944 7.34723
-2.71658 7.10238
-2.80326 6.85734
-2.88957 6.61214
-2.97559 6.36681
-3.0614 6.12139
-3.14709 5.87592
-3.23274 5.63044
-3.31843 5.38497
-3.40424 5.13955
-3.49026 4.89422
-3.57657 4.64902
-3.66325 4.40398
-3.75039 4.15913
-3.83806 3.91452
-3.92635 3.67019
-4.01533 3.42616
-4.10509 3.18248
-4.19571 2.93919
-4.28727 2.69633
-4.37985 2.45393
-4.47352 2.21205
-4.56836 1.97072
-4.66444 1.72998
-4.76186 1.48989
-4.86067 1.25049
-4.96094 1.01182
-5.06277 0.77393
-5.16621 0.536876
-5.27133 0.300706
-5.3782 0.0654719
-5.4869 -0.168772
-5.59748 -0.401971
-5.71001 -0.634069
-5.82456 -0.865006
-5.94118 -1.09472
-6.05993 -1.32316
-6.18087 -1.55025
-6.30406 -1.77593
-6.42954 -2.00014
-6.55738 -2.22281
-6.68761 -2.44386
-6.82029 -2.66323
-6.95546 -2.88084
-7.09316 -3.09663
-7.23344 -3.31051
-7.37632 -3.5224
-7.52184 -3.73223
-7.67004 -3.93992
-7.82094 -4.14539
-7.97457 -4.34854
-8.13095 -4.5493
-8.29011 -4.74759
-8.45204 -4.94331
-8.61678 -5.13637
-8.78433 -5.32669
-8.95469 -5.51417
-9.12788 -5.69872
-9.30388 -5.88026
-9.4827 -6.05868
-9.66432 -6.23389
-9.84874 -6.4058
-10.0359 -6.57431
-10.2259 -6.73933
-10.4186 -6.90075
-10.614 -7.05849
-10.8121 -7.21245
-11.0128 -7.36252
-11.2161 -7.50861
-11.422 -7.65064
-11.6304 -7.78849
-11.8413 -7.92208
-12.0546 -8.05131
-12.2702 -8.17609
-12.4881 -8.29633
-12.7082 -8.41193
-12.9304 -8.5228
-13.1547 -8.62886
-13.381 -8.73002
-13.6092 -8.82619
-13.8392 -8.91729
-14.0709 -9.00324
-14.3043 -9.08395
-14.5391 -9.15936
-14.7754 -9.22939
-15.013 -9.29397
-15.2517 -9.35302
-15.4916 -9.40649
-15.7324 -9.45431
-15.9741 -9.49642
-16.2164 -9.53277
-16.4594 -9.5633
-16.7027 -9.58797
-16.9464 -9.60673
-17.1903 -9.61954
-17.4342 -9.62636
-17.6781 -9.62717
-17.9216 -9.62194
-18.1648 -9.61064
-18.4074 -9.59325
-18.6493 -9.56977
-18.8904 -9.54017
-19.1305 -9.50446
-19.3694 -9.46265
-19.6069 -9.41472
-19.8431 -9.36071
-20.0775 -9.30061
-20.3102 -9.23446
-20.5409 -9.16227
-20.7695 -9.08408
-20.9959 -8.99994
-21.2198 -8.90987
-21.4412 -8.81393
-21.6597 -8.71217
-21.8754 -8.60465
-22.088 -8.49143
-22.2975 -8.37258
-22.5035 -8.24817
-22.7061 -8.11829
-22.9049 -7.98301
-23.1 -7.84243
-23.2911 -7.69663
-23.4781 -7.54572
-23.6609 -7.3898
-23.8393 -7.22897
-24.0132 -7.06336
-24.1825 -6.89307
-24.347 -6.71823
-24.5066 -6.53895
-24.6612 -6.35538
-24.8107 -6.16764
-24.955 -5.97587
-25.094 -5.7802
-25.2276 -5.58079
-25.3556 -5.37777
-25.4779 -5.1713
-25.5946 -4.96152
-25.7055 -4.7486
-25.8105 -4.53268
-25.9096 -4.31392
-26.0027 -4.0925
-26.0897 -3.86856
-26.1706 -3.64227
-26.2453 -3.4138
-26.3138 -3.18332
-26.376 -2.95098
-26.4319 -2.71697
-26.4815 -2.48143
-26.5247 -2.24456
-26.5616 -2.0065
-26.5921 -1.76744
-26.6161 -1.52753
-26.6338 -1.28695
-26.6451 -1.04586
-26.65 -0.804425
-26.6485 -0.562812
-26.6406 -0.321181
-26.6264 -0.0796947
-26.6059 0.161489
-26.5792 0.402213
-26.5462 0.642323
-26.5069 0.881666
-26.4616 1.12009
-26.4101 1.35745
-26.3526 1.59361
-26.2891 1.82841
-26.2197 2.06173
-26.1444 2.29342
-26.0633 2.52336
-25.9765 2.75141
-25.884 2.97746
-25.786 3.20139
-25.6826 3.42306
-25.5737 3.64238
-25.4596 3.85924
-25.3402 4.07353
-25.2157 4.28514
-25.0862 4.49399
-24.9518 4.69998
-24.8126 4.90303
-24.6686 5.10304
-24.5201 5.29995
-24.367 5.49367
-24.2095 5.68415
-24.0477 5.8713
-23.8818 6.05508
-23.7117 6.23542
-23.5377 6.41227
-23.3598 6.58559
-23.1781 6.75533
-22.9928 6.92146
-22.804 7.08393
-22.6117 7.24273
-22.4161 7.39781
-22.2173 7.54917
-22.0154 7.69679
-21.8105 7.84064
-21.6026 7.98072
-21.392 8.11703
-21.1787 8.24957
-20.9628 8.37833
-20.7445 8.50333
-20.5237 8.62457
-20.3006 8.74206
-20.0754 8.85583
-19.848 8.96589
-19.6186 9.07227
-19.3873 9.17499
-19.1542 9.27409
-18.9193 9.36959
-18.6827 9.46154
-18.4446 9.54997
-18.2049 9.63492
-17.9639 9.71643
-17.7214 9.79457
-17.4777 9.86936
-17.2328 9.94087
-16.9868 10.0091
-16.7396 10.0743
-16.4915 10.1363
-16.2424 10.1952
-15.9924 10.2511
-15.7416 10.3041
-15.4899 10.3543
-15.2376 10.4016
-14.9846 10.4462
-14.7309 10.4882
-14.4766 10.5276
-14.2218 10.5645
-13.9665 10.5989
-13.7107 10.631
-13.4545 10.6608
-13.1979 10.6884
-12.9409 10.7138
-12.6836 10.7373
-12.426 10.7587
-12.1681 10.7783
-11.91 10.7961
-11.6516 10.8121
-11.393 10.8265
-11.1342 10.8394
-10.8753 10.8509
-10.6161 10.8609
-10.3569 10.8697
-10.0976 10.8772
-9.83808 10.8837
-9.57852 10.8891
-9.31887 10.8936
-9.05915 10.8972
-8.79937 10.9001
-8.53954 10.9023
-8.27965 10.9039
-8.01974 10.905
-7.75979 10.9057
-7.49981 10.9061
-7.23983 10.9063
-6.97983 10.9064
