1.15863 0.482827
1.64754 0.621044
2.188 0.654148
2.65831 0.664951
3.01561 0.638856
3.8728 0.322583
4.33227 0.553276
4.36042 0.903288
5.47312 0.669767
6.05871 0.691086
6.34161 0.945756
6.77647 0.733486
7.14205 0.934186
7.79248 0.742591
8.25965 0.8215
8.74149 1.04927
9.25612 1.05753
10.0378 1.42877
10.2744 1.47775
10.7145 1.4492
11.5762 1.60844
11.8073 1.74881
12.3023 1.78656
12.607 2.16079
13.0759 2.41672
13.8288 2.62337
14.227 2.93828
14.4623 2.9217
15.0134 3.47911
15.5293 3.84646
15.9781 4.00327
16.3347 4.43342
16.6061 4.68452
16.9903 5.19685
17.2944 5.45052
17.7766 5.6227
18.1342 6.15634
18.2242 6.66699
18.5309 6.77406
19.1363 7.16733
19.0439 7.86253
19.1151 8.14681
19.3466 8.30594
19.9879 8.87498
20.1806 9.46414
20.1577 9.91268
20.1647 10.4633
20.3639 11.0128
20.3281 11.3558
20.598 11.9304
20.3522 12.5009
20.4745 12.8977
20.2174 13.1718
20.303 13.8718
20.1389 14.3519
19.7825 14.7702
19.9978 15.2056
19.9322 15.5572
19.4833 16.0049
19.2275 16.2803
19.0053 16.8252
18.6204 17.3872
18.1054 17.5666
18.1849 18.0301
17.9237 18.234
17.3877 18.6886
17.1628 18.9012
16.5917 19.0493
16.2196 19.602
15.9261 19.8861
15.4401 20.1778
15.1899 20.4416
14.6808 20.6114
14.0518 20.5986
13.467 20.7179
13.0993 20.8322
12.8702 21.054
12.2236 21.118
11.6716 20.8744
11.3571 21.0491
10.898 20.9448
10.1958 21.189
9.975 21.0035
9.5545 20.866
8.71449 20.822
8.20583 20.4951
7.88452 20.4356
7.19529 20.3962
6.79868 20.191
6.39524 20.0109
5.86409 19.8315
5.67636 19.5781
5.18714 19.4345
4.87849 18.9955
4.4767 18.8189
4.25283 18.4921
3.48407 18.1632
3.10139 17.7538
2.94434 17.796
2.56309 17.1203
2.24796 16.807
1.89328 16.129
1.44971 16.0534
1.17646 15.4599
0.732052 14.9916
0.717139 14.7032
0.277189 14.2114
0.427657 13.684
-0.150679 13.2812
0.00357672 12.9296
-0.438163 12.3716
-0.606726 12.0273
-1.14901 11.4133
-1.41193 11.0283
-1.49722 10.433
-1.61726 10.2178
-1.73444 9.73097
-1.93483 8.78236
-2.1764 8.51026
-2.22643 8.16694
-2.58204 7.6067
-2.80884 7.06206
-2.75404 6.85602
-2.89196 6.25003
-3.17563 5.52854
-3.43214 5.09461
-3.69352 4.53072
-4.00086 4.04087
-3.89724 3.74617
-4.13205 3.23034
-4.33253 2.55298
-4.60654 2.08284
-4.87066 1.54043
-4.68468 1.27349
-4.83583 0.836848
-5.12436 0.258973
-5.30358 -0.21755
-5.83825 -0.453672
-5.90222 -1.24407
-6.25303 -1.5375
-6.35663 -2.11584
-6.77473 -2.46225
-6.82125 -3.08428
-7.10456 -3.28663
-7.49179 -3.48327
-7.87986 -4.27695
-8.22676 -4.81544
-8.34392 -5.10949
-8.89478 -5.512
-9.05621 -5.80875
-9.29721 -5.83231
-9.62582 -6.53003
-10.2142 -6.85884
-10.7666 -7.27933
-11.2239 -7.57883
-11.115 -7.68218
-11.4999 -7.81861
-12.0913 -8.08421
-12.4325 -8.26467
-13.2684 -8.63674
-13.4189 -8.59531
-13.9681 -8.96949
-14.44 -9.20117
-15.0521 -9.05411
-15.6714 -9.53908
-16.0929 -9.62384
-16.4241 -9.3745
-17.0992 -9.41746
-17.5582 -9.57486
-17.9697 -9.43469
-18.2812 -9.5941
-18.9391 -9.52978
-19.3148 -9.10774
-19.8607 -8.95058
-20.1742 -9.57077
-20.6485 -8.97225
-21.0271 -8.81365
-21.4966 -8.87616
-21.9809 -8.58339
-22.5788 -8.3464
-22.995 -7.69115
-23.4722 -7.53948
-23.5581 -7.37055
-23.9214 -7.25613
-24.2641 -6.46383
-24.3101 -6.39937
-25.1129 -5.94771
-25.2325 -5.62851
-25.5501 -5.11534
-25.7088 -4.88434
-25.9438 -4.28647
-26.1246 -3.671
-26.0074 -3.24205
-26.16 -2.8781
-26.6651 -2.73028
-26.6911 -2.19159
-26.4692 -1.53053
-26.5857 -1.13293
-26.7389 -0.603986
-26.4707 0.0580227
-26.5992 0.582091
-26.7363 1.06046
-26.4143 1.42666
-26.3441 1.79162
-26.2562 2.18425
-26.066 2.79848
-25.8354 3.42263
-25.664 3.64981
-25.7404 3.99009
-25.0545 4.52375
-24.9999 4.89295
-24.533 5.34682
-24.1043 5.62073
-23.9101 5.93882
-23.6514 6.29139
-23.0229 6.85345
-22.6832 7.07916
-22.5074 7.30943
-22.2002 7.69086
-21.6547 7.94633
-21.0837 7.84417
-21.032 8.47678
-20.2458 8.71614
-20.0284 8.86153
-19.5101 8.97008
-18.6824 9.18647
-18.4013 9.46786
-17.7944 9.72593
-17.3307 9.8846
-16.8911 10.14
-16.5117 10.3141
-16.0119 10.1941
-15.5657 10.1827
-14.9448 10.4634
-14.4028 10.2447
-13.809 10.8962
-13.3489 10.6035
-12.9586 10.966
-12.3789 10.6511
-11.937 11.0104
-11.4591 10.9707
-10.6138 10.6816
-10.3854 10.8566
-9.85632 11.1065
-9.30005 11.0458
-8.78947 11.0637
-8.60735 10.676
-7.55839 10.9673
-7.11885 10.8429
